1933
7233
8802
5865
6043
2678
6891
3118
1322
7532
3195
5589
2408
627
5482
9653
6425
4270
6872
2717
5062
6680
9029
5133
2424
251
9248
7726
1312
6265
741
4085
3720
443
5791
5754
3498
7199
6187
727
9473
6077
3843
5440
7854
95
2416
105
1277
6607
8626
3434
1123
9906
2117
6946
4005
7704
5746
8389
6955
6838
5098
6453
9142
4392
5792
7330
1343
2653
7449
2079
9918
2360
2347
4627
3951
5426
3235
7477
7822
3444
8391
6338
835
5571
3663
3851
700
1263
2502
7288
2018
2906
401
3147
8249
6084
9034
7517
8667
2900
3887
6121
3051
1004
2870
8927
5105
5418
5492
2611
4461
749
4003
3642
6607
1787
3325
7980
6127
6373
3487
8321
3680
8913
6713
3091
2778
8991
5361
3684
5115
4755
7573
2384
2426
1542
9686
3419
1054
9087
4255
5980
2742
4761
5375
2687
4203
8098
5113
2353
3161
5389
9483
7651
3732
6795
6025
5509
4099
4572
174
5133
1429
3301
9148
3191
3570
7981
2952
6981
3499
2046
2897
6939
118
2537
741
5923
7282
241
5148
5434
821
8995
5175
7638
3755
7602
7334
5725
4555
6795
6331
8975
863
1860
650
1293
1889
2867
1820
9842
1781
1146
2694
8924
467
885
9103
1622
1536
9291
1835
475
2496
3529
3197
2276
3396
7337
5130
9353
3691
4049
676
5747
4957
5605
655
1995
166
7332
6479
9073
8368
7472
5932
5937
313
1597
2611
8527
8998
9326
1636
2705
5476
2677
7030
9829
8901
8114
9662
7921
3833
1538
3412
3379
9754
4839
9475
873
1570
2408
2636
2650
3736
4418
7120
8051
6763
6476
6460
5103
9581
5806
229
332
1520
2925
8237
7590
1009
6523
2087
422
924
9239
8906
2120
3433
5187
1211
1366
8764
8247
3431
8223
5470
9448
1537
3908
5683
2425
693
5875
4951
5777
8634
7374
7841
1081
8124
5887
6093
14
1786
2940
4841
2349
8211
5238
170
2785
7248
4455
639
5044
2942
4571
1212
7187
2563
3625
3742
1168
7025
5125
5299
3239
3317
3510
278
9126
1322
9156
3444
8488
7508
6370
3065
965
369
530
4355
6795
243
5758
832
8249
8365
4476
7068
3181
1037
8877
6905
9115
4961
1350
709
1892
7161
7478
3732
2446
811
3648
885
1244
1424
7068
103
393
1730
8540
2463
9022
7800
1083
2159
7829
3832
6582
465
6810
774
2672
1287
6796
5107
9865
8001
6762
2546
4815
4100
9841
7662
155
5987
8619
8091
6117
9297
230
2303
344
3115
67
3055
5588
4115
5097
9250
8288
9363
7471
9235
994
8712
5553
8324
8050
8072
3018
2101
4737
6615
6841
3243
8236
483
4733
2865
1025
3881
6763
2728
5245
5841
9988
6353
8416
7542
281
1784
1640
6854
2368
3450
8382
4241
6078
6126
5403
1940
7015
9942
6769
7252
56
6183
9539
4314
777
6258
2427
8192
6311
4530
8746
3795
1973
7698
8271
6044
8817
6196
5690
9014
5800
4432
8352
1693
1914
4594
6043
3693
2940
6504
287
8283
5862
5365
548
8073
7538
2596
6578
4370
425
7419
9572
192
4681
7134
6145
8230
530
2402
8195
7454
9183
4593
361
9831
9218
3439
1839
822
3862
2970
8359
1718
9027
6480
6279
8140
3115
3992
715
7560
9904
6641
7671
3145
7510
4258
2358
98
8082
7050
4287
3805
9567
3489
6137
2361
654
489
2161
8330
483
9900
4735
5800
1689
6989
2794
9515
6288
5585
2911
5185
3734
9232
680
7933
4065
6657
3956
9835
7801
4486
5950
119
3067
8747
3297
8839
4663
9898
8822
8111
1634
4829
9084
428
7336
1583
9693
4774
8979
6569
8525
4185
3316
4026
6438
1918
5311
7716
2927
7360
6300
8556
5628
3409
5315
7915
636
6864
7994
8121
6929
3235
4976
6185
2677
2729
3631
193
572
9527
3459
1853
1917
1821
8197
8884
9348
5098
6434
5358
4732
2671
8464
3349
8665
9219
1444
9149
843
4633
7343
5364
9172
9274
8207
4165
9792
8255
6560
1807
4622
6803
4206
2232
8857
3400
6352
4479
673
2221
6295
2729
4117
2431
3205
6067
8709
8014
7385
9148
469
1649
7450
1828
1528
9625
4041
2909
5018
9432
2127
5332
9083
23
9895
3644
3508
1856
9902
9017
7915
3842
7977
4667
5458
4701
5751
3301
8401
6016
7848
5770
6467
9530
8371
6135
7068
8396
7746
9205
4428
1482
9564
4451
9972
360
1043
2795
3991
6974
5292
8733
3625
3937
7258
2764
3764
7909
7516
7285
3119
1970
5988
5990
1874
7117
5834
7896
5803
5262
5016
1587
8981
389
6102
4261
1319
9352
4064
2486
6097
1384
9638
1313
8097
9423
1938
7074
2852
7389
8309
4128
2743
6293
8756
7070
8603
2026
1968
1842
1271
1622
9494
4649
2604
1757
8522
4278
6782
1395
6997
2604
3608
4002
5692
6549
7823
353
4394
1497
1153
3997
5461
2756
9825
4627
9492
2036
6350
6543
3446
3911
966
1052
3582
7426
3203
7447
2972
7945
9801
2799
3844
5430
9616
7716
3230
5854
5166
6233
7722
6625
5585
5869
7742
3628
4400
8043
6263
7960
3618
6878
1665
4779
6119
3988
5960
9398
6665
5545
6008
742
1380
3004
8307
1069
7365
5801
9768
450
160
4448
6577
2055
9542
7110
8761
4755
259
5226
8810
1955
3937
4642
275
1685
7777
6362
7442
7450
7380
6530
1977
4983
795
8521
8605
6075
9534
873
7438
9399
5998
2938
9896
6981
219
2278
4002
4666
6686
4615
6190
5682
9483
2482
6937
9298
1890
193
841
1815
7703
1629
9075
3735
144
2009
455
9843
1042
3242
1823
540
8946
4293
5099
7869
5589
5197
6089
2553
6579
2526
4917
2174
5449
1001
8012
4955
3760
5704
6404
678
4866
3710
6416
985
9912
7494
6373
3026
9457
1103
8280
5881
9940
7797
9754
6404
3008
6847
3747
5092
7170
1027
2883
7192
3050
2809
5383
9983
2838
1028
6451
8516
9632
2490
2525
8912
274
4725
1756
4304
6801
6815
8957
7627
145
980
5460
248
5998
