1809
4641
703
911
3316
4731
1648
561
3115
3059
44
2186
4738
4195
61
597
4334
2129
1499
2970
3654
1972
4006
2420
1880
3575
2101
1091
756
4226
3743
2913
3504
2727
2282
683
2582
3469
2949
4642
71
1355
4599
395
4342
4827
3933
3269
948
1957
332
4297
1769
1729
1355
1685
3246
3586
1233
1858
3934
2954
4145
2284
2518
2335
453
557
4706
459
623
1428
3038
4436
289
1494
843
1797
2336
3836
2925
4482
3861
446
1788
3554
2881
2319
2605
3231
1441
3898
2805
3533
1999
1069
4140
4568
4315
3993
2098
2737
3748
430
1683
4066
650
629
4188
887
892
914
659
646
2269
4843
1464
2894
2940
268
886
4360
4575
5
1946
1694
3121
1164
3001
3405
1330
396
639
2555
452
2226
2026
4693
3313
1518
2560
629
2987
3770
293
2274
3431
4226
3864
3824
4017
901
3482
197
2225
525
3825
4187
983
160
2133
2941
1970
108
4752
2752
2724
3299
1944
3652
1487
1033
1404
4982
4465
3022
3417
3093
3245
3007
3743
3204
315
3015
800
3517
2455
3137
1537
3253
2780
1290
1457
3394
2374
1315
4696
2862
4686
331
944
2751
1967
1296
1234
1995
2353
3659
3053
4415
837
3949
17
1517
2957
4371
1342
3583
2735
2708
1372
3247
3036
4269
2958
354
4197
1236
2938
2576
1728
518
2267
2484
3238
1728
2895
3760
845
2602
4956
4302
89
4572
2764
4126
4646
2673
4976
1526
360
4727
743
3794
2133
3214
501
1564
1040
3957
4351
2303
3102
291
351
4368
1659
914
4898
2663
4771
4777
1561
2693
272
4684
2364
1185
2001
3205
3794
4838
177
4586
3086
638
3812
2564
2606
3567
2960
3342
4797
1035
714
2927
3533
692
4431
2017
3902
2398
812
2117
724
2224
2503
2595
4405
1637
36
586
1912
978
613
3808
790
477
2183
3433
2141
4686
4844
931
129
3257
3862
1678
353
4382
3806
314
1099
4412
2727
4769
1118
2118
194
502
348
3910
4945
2612
4592
464
1910
3294
3487
2943
540
1444
2241
3801
4924
262
2016
521
1957
1069
2028
3277
3410
586
1356
2627
3111
2653
1067
4761
1231
2872
4808
4801
4007
1642
2434
1036
4341
1161
3003
4551
1600
773
343
1978
4785
3966
53
509
618
2516
1426
3770
3776
3807
1739
3278
4215
2007
1916
4414
1174
4910
3269
2818
465
3475
2235
2074
4797
3003
3990
2388
2053
2903
4732
296
4672
4756
1887
1051
4523
3175
1222
972
2427
2368
4529
576
2296
2019
2050
1223
466
4026
902
2001
1845
3608
457
1469
2828
3795
3810
1432
4364
1530
2668
1534
1161
3169
972
4541
1656
2934
4691
2407
2073
3429
1785
2876
1354
981
806
583
3325
2149
1558
380
3224
2150
1824
295
4756
2348
1833
1931
1683
3455
3988
4014
2560
1946
194
4002
2739
2866
4791
879
4472
1973
2592
3640
1948
2304
3034
547
329
4967
908
4931
956
276
2724
4230
3964
3677
239
726
1917
3270
3010
2624
4001
1731
3258
3201
4530
1585
3701
2644
2872
4347
4531
1068
4936
907
2832
3255
688
1775
1858
4252
2578
4594
759
2688
1494
2338
2390
2339
2964
4536
408
3789
4775
651
4722
3972
517
4478
4354
3579
2771
2537
2606
3664
2120
4248
1773
2738
1235
3039
3546
851
369
3849
2859
1270
4952
3557
2528
1593
2305
860
2152
1098
3054
1793
3581
1219
2665
634
2746
3331
1692
427
2657
398
710
4152
4131
1484
1104
4912
4969
2533
3086
2450
4044
4836
4944
77
4651
476
2190
314
3176
3607
397
2003
1214
4006
2222
4676
4141
4827
4682
2928
962
3613
2127
3860
4511
2944
2202
1647
3842
3018
1389
1681
3546
2278
820
1779
215
4984
4477
2087
2922
1881
903
4009
2970
2676
1643
333
3630
2051
3268
1162
2077
12
970
1104
1550
3645
1499
4698
4493
482
2167
4778
4868
1107
317
2774
271
589
1076
1873
889
4622
3403
2588
2115
3132
4537
3289
339
2362
946
2668
1101
2998
3338
4997
312
2369
3689
1304
803
3421
1209
2880
2651
4568
3250
1214
535
1515
871
4327
1452
2125
3516
911
194
1668
221
2708
4899
4493
4852
2150
2782
2349
48
2294
3147
1027
2595
4195
1920
3874
1375
3527
4931
596
278
4002
243
4668
278
95
2954
98
2732
3772
1256
3657
3106
4198
4131
4104
4341
3025
4998
708
1484
2309
409
4581
4607
4113
2294
3921
4238
2154
1862
1428
1275
2791
3815
3197
1077
4895
4970
3628
3922
2492
189
2583
4913
1865
3439
4057
2699
1751
224
156
131
2884
4429
473
3359
3569
3131
1171
404
1667
4464
2707
918
1732
4856
919
34
4156
2426
835
1284
4678
3783
4263
3466
3105
509
1450
4777
1710
3867
2025
3086
3059
218
250
3503
4327
4950
1117
4920
1357
3891
1687
4957
778
945
2045
2319
3852
77
2836
2266
2016
2240
2507
3935
849
1238
1620
4545
3058
1943
3471
2887
103
2440
3505
4117
3978
525
1163
2690
2452
1873
469
4100
3893
4364
1105
2915
3638
3996
3514
1738
2148
459
3387
2930
2583
931
3378
2579
2355
1884
1134
1978
3010
371
4657
3944
2880
4925
2361
2788
3153
3993
522
3416
1834
3471
2354
2145
2027
3936
4711
2828
96
3755
2902
2012
44
4144
2455
4382
4547
1910
3515
4936
1294
4446
3414
721
4250
976
3368
3549
456
3505
2534
457
2548
4852
4186
1430
4504
531
1058
972
2951
1348
1955
19
4739
2622
1005
1444
3419
287
1956
2537
2014
525
4853
1990
1827
4086
2696
599
4202
29
3397
2907
1951
3242
1725
287
601
4718
3108
282
1078
291
2462
4055
3775
4162
2658
1839
1515
3174
617
2428
3894
3893
2844
73
2450
4688
479
2319
2597
4702
715
2026
3522
1377
1886
4679
2405
496
4907
770
2759
1295
3807
3853
1117
