5
12
17
19
29
34
36
44
44
48
53
61
71
73
77
77
89
95
96
98
103
108
129
131
156
160
177
189
194
194
194
197
215
218
221
224
239
243
250
262
268
271
272
276
278
278
282
287
287
289
291
291
293
295
296
312
314
314
315
317
329
331
332
333
339
343
348
351
353
354
360
369
371
380
395
396
397
398
404
408
409
427
430
446
452
453
456
457
457
459
459
464
465
466
469
473
476
477
479
482
496
501
502
509
509
517
518
521
522
525
525
525
531
535
540
547
557
561
576
583
586
586
589
596
597
599
601
613
617
618
623
629
629
634
638
639
646
650
651
659
683
688
692
703
708
710
714
715
721
724
726
743
756
759
770
773
778
790
800
803
806
812
820
835
837
843
845
849
851
860
871
879
886
887
889
892
901
902
903
907
908
911
911
914
914
918
919
931
931
944
945
946
948
956
962
970
972
972
972
976
978
981
983
1005
1027
1033
1035
1036
1040
1051
1058
1067
1068
1069
1069
1076
1077
1078
1091
1098
1099
1101
1104
1104
1105
1107
1117
1117
1118
1134
1161
1161
1162
1163
1164
1171
1174
1185
1209
1214
1214
1219
1222
1223
1231
1233
1234
1235
1236
1238
1256
1270
1275
1284
1290
1294
1295
1296
1304
1315
1330
1342
1348
1354
1355
1355
1356
1357
1372
1375
1377
1389
1404
1426
1428
1428
1430
1432
1441
1444
1444
1450
1452
1457
1464
1469
1484
1484
1487
1494
1494
1499
1499
1515
1515
1517
1518
1526
1530
1534
1537
1550
1558
1561
1564
1585
1593
1600
1620
1637
1642
1643
1647
1648
1656
1659
1667
1668
1678
1681
1683
1683
1685
1687
1692
1694
1710
1725
1728
1728
1729
1731
1732
1738
1739
1751
1769
1773
1775
1779
1785
1788
1793
1797
1809
1824
1827
1833
1834
1839
1845
1858
1858
1862
1865
1873
1873
1880
1881
1884
1886
1887
1910
1910
1912
1916
1917
1920
1931
1943
1944
1946
1946
1948
1951
1955
1956
1957
1957
1967
1970
1972
1973
1978
1978
1990
1995
1999
2001
2001
2003
2007
2012
2014
2016
2016
2017
2019
2025
2026
2026
2027
2028
2045
2050
2051
2053
2073
2074
2077
2087
2098
2101
2115
2117
2118
2120
2125
2127
2129
2133
2133
2141
2145
2148
2149
2150
2150
2152
2154
2167
2183
2186
2190
2202
2222
2224
2225
2226
2235
2240
2241
2266
2267
2269
2274
2278
2282
2284
2294
2294
2296
2303
2304
2305
2309
2319
2319
2319
2335
2336
2338
2339
2348
2349
2353
2354
2355
2361
2362
2364
2368
2369
2374
2388
2390
2398
2405
2407
2420
2426
2427
2428
2434
2440
2450
2450
2452
2455
2455
2462
2484
2492
2503
2507
2516
2518
2528
2533
2534
2537
2537
2548
2555
2560
2560
2564
2576
2578
2579
2582
2583
2583
2588
2592
2595
2595
2597
2602
2605
2606
2606
2612
2622
2624
2627
2644
2651
2653
2657
2658
2663
2665
2668
2668
2673
2676
2688
2690
2693
2696
2699
2707
2708
2708
2724
2724
2727
2727
2732
2735
2737
2738
2739
2746
2751
2752
2759
2764
2771
2774
2780
2782
2788
2791
2805
2818
2828
2828
2832
2836
2844
2859
2862
2866
2872
2872
2876
2880
2880
2881
2884
2887
2894
2895
2902
2903
2907
2913
2915
2922
2925
2927
2928
2930
2934
2938
2940
2941
2943
2944
2949
2951
2954
2954
2957
2958
2960
2964
2970
2970
2987
2998
3001
3003
3003
3007
3010
3010
3015
3018
3022
3025
3034
3036
3038
3039
3053
3054
3058
3059
3059
3086
3086
3086
3093
3102
3105
3106
3108
3111
3115
3121
3131
3132
3137
3147
3153
3169
3174
3175
3176
3197
3201
3204
3205
3214
3224
3231
3238
3242
3245
3246
3247
3250
3253
3255
3257
3258
3268
3269
3269
3270
3277
3278
3289
3294
3299
3313
3316
3325
3331
3338
3342
3359
3368
3378
3387
3394
3397
3403
3405
3410
3414
3416
3417
3419
3421
3429
3431
3433
3439
3455
3466
3469
3471
3471
3475
3482
3487
3503
3504
3505
3505
3514
3515
3516
3517
3522
3527
3533
3533
3546
3546
3549
3554
3557
3567
3569
3575
3579
3581
3583
3586
3607
3608
3613
3628
3630
3638
3640
3645
3652
3654
3657
3659
3664
3677
3689
3701
3743
3743
3748
3755
3760
3770
3770
3772
3775
3776
3783
3789
3794
3794
3795
3801
3806
3807
3807
3808
3810
3812
3815
3824
3825
3836
3842
3849
3852
3853
3860
3861
3862
3864
3867
3874
3891
3893
3893
3894
3898
3902
3910
3921
3922
3933
3934
3935
3936
3944
3949
3957
3964
3966
3972
3978
3988
3990
3993
3993
3996
4001
4002
4002
4006
4006
4007
4009
4014
4017
4026
4044
4055
4057
4066
4086
4100
4104
4113
4117
4126
4131
4131
4140
4141
4144
4145
4152
4156
4162
4186
4187
4188
4195
4195
4197
4198
4202
4215
4226
4226
4230
4238
4248
4250
4252
4263
4269
4297
4302
4315
4327
4327
4334
4341
4341
4342
4347
4351
4354
4360
4364
4364
4368
4371
4382
4382
4405
4412
4414
4415
4429
4431
4436
4446
4464
4465
4472
4477
4478
4482
4493
4493
4504
4511
4523
4529
4530
4531
4536
4537
4541
4545
4547
4551
4568
4568
4572
4575
4581
4586
4592
4594
4599
4607
4622
4641
4642
4646
4651
4657
4668
4672
4676
4678
4679
4682
4684
4686
4686
4688
4691
4693
4696
4698
4702
4706
4711
4718
4722
4727
4731
4732
4738
4739
4752
4756
4756
4761
4769
4771
4775
4777
4777
4778
4785
4791
4797
4797
4801
4808
4827
4827
4836
4838
4843
4844
4852
4852
4853
4856
4868
4895
4898
4899
4907
4910
4912
4913
4920
4924
4925
4931
4931
4936
4936
4944
4945
4950
4952
4956
4957
4967
4969
4970
4976
4982
4984
4997
4998
